Trial 1: 6x6, 360 iterations, +1
[
    [13,  5,  1,  1,  2,  0], 
    [17, 13,  7,  6,  6,  0], 
    [ 9, 11, 13,  9,  9,  7], 
    [10, 16, 16, 16, 12, 10], 
    [14, 11,  9, 14, 15, 10], 
    [ 5, 10, 15, 13, 14, 12]
]

Trial 2: 6x6, 1440 iterations, +1
[
    [45, 25,  6,  6,  5,  4],
    [46, 46, 41, 18, 15, 15],
    [63, 50, 55, 47, 24, 21],
    [47, 48, 55, 49, 34, 41],
    [56, 48, 42, 60, 53, 51],
    [51, 56, 43, 55, 50, 43]
]

Trial 1 + Trail 2:
[
    [58, 30,  7,  7,  7,  4]
    [63, 59, 48, 24, 21, 15]
    [72, 61, 68, 56, 33, 28]
    [57, 64, 71, 65, 46, 51]
    [70, 59, 51, 74, 68, 61]
    [56, 66, 58, 68, 64, 55]
]

In percetages:
[
    [5.41, 2.8 , 0.65, 0.65, 0.65, 0.37],
    [5.88, 5.5 , 4.48, 2.24, 1.96, 1.4 ],
    [6.71, 5.69, 6.34, 5.22, 3.08, 2.61],
    [5.31, 5.97, 6.62, 6.06, 4.29, 4.76],
    [6.53, 5.5 , 4.76, 6.9 , 6.34, 5.69],
    [5.22, 6.16, 5.41, 6.35, 5.97, 5.13]
]

Trial 3: 8x6, 480 iterations, +WinDiff
[
    [255, 157,   0,   0,   5,   0],
    [238, 307, 208,  16,  82,   0],
    [149, 378, 250, 152, 170,  27],
    [339, 183, 260, 230, 205, 114],
    [275, 164, 218, 150, 280,  75],
    [294, 366, 416, 199, 201, 302],
    [212, 369, 216, 337, 196, 335],
    [ 55,  81, 279, 288, 234, 356]
]
